#a	0 409 0 0 0 0
#d	155.5 0 0 367 0 124
#Robot_alpha	-1.570796327 0 1.570796327 -1.570796327 1.570796327 0
#Theta	0 -1.570796327 1.570796327 0 0 0
#JointType	R R R R R R
#Mass	3.72 6.84 2.77 2.68 2.05 0.77
#r	0 7.5 25 -204.5 0 133 0 33 5.5 0 86.5 86 0 16 6.5 0 0 -51.5
#STL_Pose	0 -1.570796327 1.570796327 0 0 0
#Rotor_inertia	615410 615410 615410 191590 191590 191590
#MaxTorque	162000 162000 162000 55000 55000 55000
#Control_Kj	400 400 400 400 400 400

#I1	12000 13.75 2.384 13.75 11000 732.8 2.384 732.8 8000
#I2	15000 97.95 -2.919 97.95 250000 -0.02234 -2.919 -0.02234 249000
#I3	8000 7.145 11.53 7.145 5000 478.6 11.53 478.6 8000
#I4	50000 9.991 -16.26 9.991 9000 15000 -16.26 15000 43000
#I5	5000 3.35 11.45 3.35 3000 187.3 11.45 187.3 4000
#I6	1000 0.02098 -1.978 0.02098 1000 2.076 -1.978 2.076 616.1