#a	0 845 0 0 0 0
#d	344.3 9.9 0 734 0 121
#Robot_alpha	-1.570796327 0 1.570796327 -1.570796327 1.570796327 0
#Theta	0 -1.570796327 1.570796327 0 0 0
#JointType	R R R R R R
#Mass	16.08 28.21 6.51 7.614 4.07 0.9
#r	0 78.3 103 -482.3 0 226.1 0 51.1 8.7 0 220.3 129.1 0 49.1 0.7 0 0.1 -49.3
#STL_Pose	0 -1.570796327 1.570796327 0 0 0
#Rotor_inertia	4927600 4927600 4927600 606900 322800 137600
#MaxTorque	847000 847000 847000 160000 90000 40000
#Control_Kj	600 600 600 600 600 600

#I1	525000 -14.28 68.67 -14.28 341000 149000 68.67 149000 274000
#I2	148000 -226.6 118000 -226.6 3035000 -57.4 118000 -57.4 2996000
#I3	37000 -18.98 -23.31 -18.98 21000 3000 -23.31 3000 35000
#I4	596000 -139.4 75.52 -139.4 71000 159000 75.52 159000 543000
#I5	18000 -9.725 -19.33 -9.725 9000 -53.75 -19.33 -53.75 17000
#I6	1000 -0.04962 -0.2355 -0.04962 1000 0.9771 -0.2355 0.9771 942.2