#a	0 759.5 0 0 0 0
#d	344.3 9.9 0 619.5 0 121
#Robot_alpha	-1.570796327 0 1.570796327 -1.570796327 1.570796327 0
#Theta	0 -1.570796327 1.570796327 0 0 0
#JointType	R R R R R R
#Mass	16.08 27.78 6.51 7.32 4.07 0.9
#r	0 78.3 103 -421.8 0 226.1 0 51.1 8.2 0 179.3 131.1 0 49.1 0.7 0 0.1 -49.3
#STL_Pose	0 -1.570796327 1.570796327 0 0 0
#Rotor_inertia	4935900 4935900 4935900 606900 322800 137600
#MaxTorque	847000 847000 847000 160000 90000 40000
#Control_Kj	600 600 600 600 600 600

#I1	525000 -10.79 62.88 -10.79 341000 149000 62.88 149000 274000
#I2	147000 -114.7 107000 -114.7 2505000 -59.99 107000 -59.99 2466000 
#I3	37000 -18.98 -23.31 -18.98 21000 3000 -23.31 3000 35000
#I4	410000 -114.4 74.65 -114.4 68000 125000 74.65 125000 359000
#I5	18000 -9.712 -19.33 -9.712 9000 -53.75 -19.33 -53.75 17000
#I6	1000 -0.04962 -0.235 -0.04962 1000 0.9772 -0.235 0.9772 942.2
