#a	0 600 0 0 0 0
#d	182.2 48 0 533.5 0 166.5
#Robot_alpha	-1.570796327 0 1.570796327 -1.570796327 1.570796327 0
#Theta	0 -1.570796327 1.570796327 0 0 0
#JointType	R R R R R R
#Mass	12.569 19.045 5.149 4.84 3.42 0.78
#r	0 8.8 19.07 -380 0 162.6 0 21.2 13.8 111 116.3 0 0 6.3 31.1 0 0 0
#STL_Pose	0 -1.570796327 1.570796327 0 0 0
#Rotor_inertia	316000 316000 316000 316000 316000 316000
#MaxTorque	316000 316000 316000 47000 47000 47000
#Control_Kj	600 600 600 600 600 600

#I1	64403.053 99.259962 28.329921 99.259962 61093.121 2697.3602 28.329921 2697.3602 47365.098
#I2	68084.442 -285.92883 -33706.786 -285.92883 1454436.3 88.294141 -33706.786 88.294141 1447285.5
#I3	18916.451 0.87622583 -25.583117 0.87622583 12228.135 1397.1448 -25.583117 1397.1448 15862.343
#I4	103426.49 -30703.62 -12.470089 -30703.62 20219.08 6.7224277 -12.470089 6.7224277 116168.82
#I5	8256.2721 16.649602 -8.9849235 16.649602 7124.0186 676.02822 -8.9849235 676.02822 5738.898
#I6	1055.0724 -20.805399 -22.626031 -20.805399 1077.0567 -12.973451 -22.626031 -12.973451 1118.5588