#a	0 612.7 570.15 0 0 0
#d	197 -39.1 0 -117.15 117.15 -115.33
#Robot_alpha	-1.570796327 0 0 1.570796327 -1.570796327 3.141592
#Theta	0 -1.570796327 0 1.570796327 0 0
#JointType	R R R R R R
#Mass	10.19897496 13.39520581 3.250997404 1.819268493 1.819268493 0.426531785
#r	0 81.7241 0 -373.62 0 -148.89 -198.16 0 -23.1497 0 0 34.42 0 0 -93.7 0 0 0
#STL_Pose	0 -1.570796327 0 1.570796327 0 0
#Rotor_inertia	1385500 1385500 1385500 277000 277000 277000
#MaxTorque	324000 324000 324000 78000 78000 78000
#Control_Kj	600 600 600 600 600 600

#I1	59785.78376 0.410179465 0.23097839 0.410179465 41379.70359 6957.731722 0.23097839 6957.731722 -57764.2269
#I2	1041333.54 5.151836588 -26874.67004 5.151836588 40628.341 -0.129526962 -26874.67004 -0.129526962 1044560.424
#I3	200186.3429 83.68427979 -4704.81989 83.68427979 6333.0145 -2.139650986 -4704.81989 -2.139650986 200444.0743
#I4	2333.270059 0.757537767 1.677604807 0.757537767 2381.044906 -153.8776302 1.677604807 -153.8776302 1873.813455
#I5	2333.270059 -0.757537767 1.677604807 -0.757537767 2381.044906 153.8776302 1.677604807 153.8776302 -1873.813455
#I6	341.4609176 1.479565249 0.416584732 1.479565249 -352.2557079 -0.967990152 0.416584732 -0.967990152 -546.8898014