#a	0 566.9 522.4 0 0 0
#d	169.2 0 0 -110.7 110.7 -96.7
#Robot_alpha	-1.570796327 0 0 1.570796327 -1.570796327 3.141592
#Theta	0 -1.570796327 0 1.570796327 0 0
#JointType	R R R R R R
#Mass	5.631954086 9.82488994 4.142210961 1.324029172 1.324029172 0.202455585
#r	0 73.48 0 -328.635 0 -113.614 -144.231 0 -27.82 0 0 39 0 0 -85.45 0 0 0
#STL_Pose	0 -1.570796327 0 1.570796327 0 0
#Rotor_inertia	611140 611140 611140 91826 91826 91826
#MaxTorque	161000 161000 161000 27000 27000 27000
#Control_Kj	600 600 600 600 600 600

#I1	22109.82753 3.927292138 1.667962891 3.927292138 -12767.54772 2548.679961 1.667962891 2548.679961 21201.5804
#I2	20402.33361 15.95158138 0 15.95158138 705727.9822 0 0 0 702933.8673
#I3	7274.542844 15.47623875 -7154.893297 15.47623875 217429.4025 -0.63819803 -7154.893297 -0.63819803 216994.1428
#I4	1337.380889 0.524331355 0.420285825 0.524331355 1299.889117 -142.463719 0.420285825 -142.463719 1076.704212
#I5	1337.380889 0.524331355 0.420285825 0.524331355 -1299.889117 142.463719 0.420285825 142.463719 1076.704212
#I6	124.2266832 0.221964154 -0.185226595 0.221964154 -128.27899 -0.195129257 -0.185226595 -0.195129257 -213.6098401