#a	0 425 392 0 0 0
#d	169.2 0 0 -110.7 110.7 -96.7
#Robot_alpha	-1.570796327 0 0 1.570796327 -1.570796327 3.141592
#Theta	0 -1.570796327 0 1.570796327 0 0
#JointType	R R R R R R
#Mass	5.588833649 9.503399295 3.202977911 1.356779653 1.356779653 0.202455585
#r	0 73.48 0 -328.635 0 -113.614 -144.231 0 -27.82 0 0 39 0 0 -85.45 0 0 0
#STL_Pose	0 -1.570796327 0 1.570796327 0 0
#Rotor_inertia	564520 564520 564520 130470 130470 130470
#MaxTorque	150000 150000 150000 38000 38000 38000
#Control_Kj	600 600 600 600 600 6000

#I1	20832.68545 4.264065265 -7.117991672 4.264065265 -12170.85544 1915.985247 -7.117991672 1915.985247 20461.03713
#I2	21181.46876 9.076772851 -3408.223149 9.076772851 400118.041 0.000007691 -3408.223149 0.000007691 396036.5854
#I3	5861.652849 10.96059222 -2817.176302 10.96059222 89286.63377 -0.354602729 -2817.176302 -0.354602729 89157.68156
#I4	1346.092762 -0.527805129 0.418441837 -0.527805129 1307.831557 -142.1576956 0.418441837 -142.1576956 1092.463292
#I5	1345.973703 0.527834476 0.418441837 0.527834476 -1307.831557 142.1213623 0.418441837 142.1213623 1092.344232
#I6	124.2266832 0.221964154 -0.185226595 0.221964154 -213.6098401 -0.195129257 -0.185226595 -0.195129257 -128.27899