#a	0 -612 -572.3 0 0 0
#d	127.3 0 0 163.941 115.7 92.2
#Robot_alpha	1.570796327 0 0 1.570796327 -1.570796327 0
#Theta	0 0 0 0 0 0
#JointType	R R R R R R
#Mass	7.1 12.7 4.27 2 2 0.365
#r	21 0 27 380 0 158 240 0 68 0 7 18 0 7 18 0 0 -26
#STL_Pose	0 -1.570796327 0 -1.570796327 0 0
#Rotor_inertia	1417000 1417000 564500 195200 195200 195200
#MaxTorque	330000 330000 150000 56000 56000 56000
#Control_Kj	600 600 600 600 600 600

#I1	28726.63 -182.32 -274.47 -182.32 32140.73 2809.86 -274.47 2809.86 30779.94
#I2	35136.13 153.20 -7558.73 153.20 726754.39 -12.43 -7558.73 -12.43 716702.54
#I3	7546.19 405.53 -8288.22 405.53 223419.08 -151.45 -8288.22 -151.45 220825.19
#I4	4305.82 -9.84 -30.36 -9.84 3856.40 369.85 -30.36 369.85 2551.94
#I5	4428.23 -0.47 -9.44 -0.47 4237.77 -122.89 -9.44 -122.89 2273.29
#I6	194.2522618 0 0 0 194.2522618 0 0 0 194.2522618