function WaterMarkImage = LoadWaterMarkImage()
WaterMarkImage = [];
WaterMarkImage(:, :, 1) = [
255	255	255	255	255	255	255	255	255	255	255	255	255	255	255	255	255	255	255	255	255	255	255	255	255	255	255	255	255	255	255	255	255	255	255	255	255	255	255	255	255	255	255	255	255	255	255	255	255	255	255	255	255	255	255	255	255	255	255	255	255	255	181	81	19	0	0	24	87	190	255	255	255	255	255	255	255	255	255	255	255	255	255	255	255	255	255	255	255	255	255	255	255	255	255	255	255	255	255	255	255	255	236	213	245	255	255	255	255	255	255	255	255	255	255	255	255	255	255	255	255	255	255	255	255	255	255	255	255	255	255	255	255	255	255
255	255	255	255	255	255	255	255	255	255	226	218	255	255	255	255	255	255	255	255	255	255	255	255	255	255	255	255	255	255	255	255	255	255	255	255	255	255	255	255	255	255	255	255	255	255	255	255	255	255	255	255	255	255	255	255	255	255	255	255	250	101	0	0	0	0	0	0	0	121	255	255	255	255	255	255	255	255	255	255	255	255	255	255	255	255	255	255	255	255	255	255	255	255	255	255	255	255	255	255	255	185	27	2	46	218	255	255	255	255	255	255	255	255	255	255	255	255	255	255	255	255	255	255	255	255	255	255	255	255	255	255	255	255	255
255	255	255	255	255	255	255	255	255	132	16	9	87	244	255	255	255	255	255	255	255	255	255	255	255	255	255	255	255	201	129	85	64	65	86	126	187	244	255	255	255	255	255	255	255	255	255	255	255	255	255	255	255	255	255	255	255	255	255	255	137	0	0	0	0	0	0	0	0	179	255	255	255	255	255	255	255	255	255	255	255	255	255	255	255	255	255	255	255	255	255	255	255	255	255	255	255	255	255	255	253	57	0	0	0	104	255	255	255	255	255	255	255	255	255	255	255	255	255	255	255	255	255	255	255	255	255	255	255	255	255	255	255	255	255
255	255	255	255	255	255	255	253	148	0	0	0	0	86	246	255	255	255	255	255	255	255	255	255	255	255	255	225	82	3	0	0	0	0	0	0	0	41	149	253	255	255	255	255	255	255	255	255	255	255	255	255	255	255	255	255	255	255	255	234	22	0	0	0	27	97	111	80	34	220	255	255	255	255	255	255	255	255	255	255	255	255	255	255	255	255	255	255	232	177	131	83	189	255	255	255	255	255	255	255	249	36	0	0	0	70	255	255	255	255	255	255	255	255	255	255	255	255	255	255	255	255	255	255	255	255	255	255	255	255	255	255	255	255	255
255	255	255	255	255	255	255	126	59	0	0	0	0	0	94	252	255	255	255	255	255	255	255	255	255	255	228	42	0	0	0	0	0	0	0	0	0	0	69	254	255	255	255	255	255	255	255	255	255	255	255	255	255	255	255	255	255	255	255	169	0	0	0	44	225	255	255	255	238	252	255	255	255	255	255	255	255	255	255	255	255	255	255	255	255	255	255	255	138	0	0	0	167	255	255	255	255	255	255	255	254	74	0	0	0	123	255	255	255	255	255	255	255	255	255	255	255	255	255	255	255	255	255	255	255	255	255	255	255	255	255	255	255	255	255
255	255	255	255	255	255	140	2	87	0	0	0	0	0	0	116	255	255	255	255	255	255	255	255	255	254	87	0	0	0	0	0	13	12	0	0	0	0	163	255	255	255	255	255	255	255	255	255	255	255	255	255	255	255	255	255	255	255	255	116	0	0	0	161	255	255	255	255	255	255	255	255	255	255	255	255	255	255	255	255	255	255	255	255	255	255	255	255	136	0	0	0	169	255	255	255	255	255	255	255	255	215	65	29	90	237	255	255	255	255	255	255	255	255	255	255	255	255	255	255	255	255	255	255	255	255	255	255	255	255	255	255	255	255	255
255	255	255	255	255	161	3	0	73	38	0	0	0	0	0	0	137	255	255	255	255	255	255	255	255	213	6	0	0	0	75	192	226	225	200	148	63	22	232	255	255	255	255	255	255	255	255	255	255	255	255	255	255	255	255	255	255	255	255	91	0	0	3	207	255	255	255	255	255	255	255	255	255	255	255	255	255	255	255	255	255	255	255	255	255	255	255	255	137	0	0	0	169	255	255	255	255	255	255	255	255	255	255	241	255	255	255	255	255	255	255	255	255	255	255	255	255	255	255	255	255	255	255	255	255	255	255	255	255	255	255	255	255	255	255
255	255	255	255	181	9	0	0	5	85	30	0	0	0	0	0	2	158	255	255	255	255	255	255	255	155	0	0	0	46	247	255	255	255	255	255	254	211	254	255	255	255	255	255	255	255	255	251	249	255	255	255	255	255	255	255	255	255	255	89	0	0	10	230	255	255	255	255	255	255	255	255	255	255	255	255	255	250	251	255	255	255	255	255	255	255	255	255	137	0	0	0	176	255	255	255	255	255	255	255	255	255	255	255	255	255	255	255	255	255	255	255	255	255	255	255	250	250	255	255	255	255	255	255	255	255	255	255	255	249	253	255	255	255	255
255	255	255	200	18	0	0	0	0	10	90	18	0	0	0	0	0	7	167	255	255	255	255	255	255	123	0	0	0	107	255	255	255	255	255	255	255	255	255	255	255	255	255	224	156	101	65	45	40	54	90	166	247	255	255	255	255	255	255	89	0	0	6	119	135	135	135	135	148	248	255	255	255	255	231	140	73	43	45	77	147	236	255	255	255	255	255	255	137	0	0	0	90	135	135	135	135	146	246	255	255	203	135	135	135	219	255	255	255	255	255	255	255	220	132	70	43	42	63	106	180	243	255	255	255	252	175	93	54	40	48	73	120	184	247
255	255	215	30	0	0	0	0	0	0	156	178	5	0	0	0	0	0	17	229	255	255	255	255	255	119	0	0	0	82	255	255	255	255	255	255	255	255	255	255	255	255	255	118	0	0	0	0	0	0	0	0	61	226	255	255	255	255	255	89	0	0	0	0	0	0	0	0	19	240	255	255	255	171	29	0	0	0	0	0	0	38	194	255	255	255	255	255	137	0	0	0	0	0	0	0	0	12	235	255	255	139	0	0	0	176	255	255	255	255	255	255	145	19	0	0	0	0	0	0	0	190	255	255	236	77	0	0	0	0	0	0	0	1	218
255	229	44	0	0	0	0	0	0	125	255	255	150	0	0	0	0	0	0	138	247	255	255	255	255	147	0	0	0	12	189	255	255	255	255	255	255	255	255	255	255	255	255	151	0	0	0	0	0	0	0	0	0	64	248	255	255	255	255	89	0	0	0	0	0	0	0	0	26	241	255	255	163	4	0	0	0	0	0	0	0	0	20	210	255	255	255	255	137	0	0	0	0	0	0	0	0	20	236	255	255	144	0	0	0	179	255	255	255	255	255	121	0	0	0	0	0	0	0	0	16	230	255	253	84	0	0	0	0	0	0	0	0	30	245
241	60	0	0	0	0	0	0	104	254	255	255	255	132	0	0	0	0	0	0	91	252	255	255	255	206	4	0	0	0	16	145	243	255	255	255	255	255	255	255	255	255	255	182	3	33	63	83	76	30	0	0	0	0	177	255	255	255	255	89	0	0	0	8	9	9	9	9	36	241	255	218	17	0	0	0	29	80	72	11	0	0	0	71	252	255	255	255	137	0	0	0	6	9	9	9	9	30	237	255	255	144	0	0	0	179	255	255	255	255	175	0	0	0	0	6	44	60	39	5	54	254	255	200	1	0	0	2	61	102	100	68	19	68	255
108	0	0	0	0	0	0	83	249	255	255	255	255	255	123	0	0	0	0	90	39	112	255	255	255	254	85	0	0	0	0	0	41	138	226	255	255	255	255	255	255	255	255	237	205	244	255	255	255	235	88	0	0	0	102	255	255	255	255	89	0	0	9	193	220	220	220	220	224	253	255	98	0	0	0	78	232	255	255	200	27	0	0	3	202	255	255	255	137	0	0	0	146	220	220	220	220	223	252	255	255	144	0	0	0	179	255	255	255	246	45	0	0	0	61	204	250	255	247	208	190	255	255	144	0	0	0	124	255	255	255	255	227	207	255
10	0	0	0	0	0	72	243	255	255	255	255	255	255	254	140	44	0	86	252	211	157	255	255	255	255	230	48	0	0	0	0	0	0	20	113	223	255	255	255	255	255	255	255	255	255	255	255	255	255	228	16	0	0	61	255	255	255	255	89	0	0	11	228	255	255	255	255	255	255	231	18	0	0	29	235	255	255	255	255	158	0	0	0	132	255	255	255	137	0	0	0	172	255	255	255	255	255	255	255	255	144	0	0	0	179	255	255	255	180	0	0	0	36	234	255	255	255	255	255	255	255	255	134	0	0	0	188	255	255	255	255	255	255	255
9	0	0	0	0	43	141	252	255	255	255	255	255	255	255	255	195	4	173	255	255	255	255	255	255	255	255	230	88	2	0	0	0	0	0	0	23	163	255	255	255	255	255	255	255	255	255	255	255	255	255	54	0	0	42	250	255	255	255	89	0	0	11	224	255	255	255	255	255	255	175	0	0	0	115	255	255	255	255	255	239	18	0	0	81	255	255	255	137	0	0	0	169	255	255	255	255	255	255	255	255	144	0	0	0	179	255	255	255	106	0	0	0	147	255	255	255	255	255	255	255	255	255	146	0	0	0	75	237	255	255	255	255	255	255
107	0	0	0	40	85	2	112	255	255	255	255	255	255	255	255	255	150	19	218	255	255	255	255	255	255	255	255	255	193	87	13	0	0	0	0	0	2	156	255	255	255	255	255	255	212	160	128	114	127	163	48	0	0	40	249	255	255	255	89	0	0	11	224	255	255	255	255	255	255	131	0	0	0	119	185	185	185	185	185	180	26	0	0	54	254	255	255	137	0	0	0	169	255	255	255	255	255	255	255	255	144	0	0	0	179	255	255	254	59	0	0	6	214	255	255	255	255	255	255	255	255	255	202	2	0	0	0	39	144	230	255	255	255	255
