LinkColor = ["#00FFB2", "#C2FF74", "#CD0062", "#FFF067", "#88E2FF", "#FF5D5C", "#FF8E2B", "#1ABC9C", "#DE3163", "#FF7F50", "#3530d1", "#0072BD", "#D95319", "#EDB120", "#7E2F8E", "#77AC30"];